1  -332.81797914  -326.96183521  1096.84714843  -0.00012668  0.00526065  -0.00004416  -0.00512365  0.00367234
2  -332.74654536  -312.97630008  1097.06399724  -0.00029688  0.01232535  -0.00010340  -0.01200322  0.00860364
3  -332.89095846  -298.85269433  1096.81577609  -0.00017893  0.00742662  -0.00006227  -0.00723187  0.00518388
4  -332.78376480  -284.76551083  1097.04490452  -0.00019632  0.00814632  -0.00006826  -0.00793193  0.00568597
5  -327.53229030  -326.89181606  1096.43379162  -0.00004399  0.00183453  -0.00001553  -0.00178720  0.00128080
6  -327.35758713  -312.92140830  1096.83774639  -0.00021196  0.00883681  -0.00007476  -0.00860795  0.00616921
7  -329.49644696  -297.18675753  1093.08581894  -0.00004862  0.00202669  -0.00001714  -0.00197408  0.00141485
8  -327.34483816  -284.80655316  1096.90598163  -0.00012033  0.00501424  -0.00004237  -0.00488346  0.00350025
9  -314.59764376  -327.02841167  1096.69415308  -0.00012057  0.00507741  -0.00004383  -0.00494916  0.00354580
10  -314.52914614  -312.94784193  1096.81079606  -0.00029029  0.01222196  -0.00010544  -0.01191213  0.00853479
11  -314.57646035  -298.88973435  1096.83568624  -0.00017306  0.00728398  -0.00006280  -0.00709866  0.00508629
12  -314.58149918  -284.79494519  1096.77215729  -0.00020360  0.00856764  -0.00007383  -0.00834889  0.00598238
13  -309.12790841  -327.05232533  1096.65736080  -0.00016888  0.00714217  -0.00006216  -0.00696344  0.00498830
14  -309.16920702  -312.95021198  1096.58292678  -0.00005616  0.00237435  -0.00002065  -0.00231472  0.00165824
15  -309.10345596  -298.87463330  1096.70084478  -0.00022601  0.00955342  -0.00008305  -0.00931263  0.00667178
16  -309.08889992  -284.82111256  1096.72864217  -0.00011446  0.00483719  -0.00004203  -0.00471484  0.00337798
